state={
	id=100
	name="STATE_100"
	provinces={
		140 253 254 261 357 369 399 412 464 535 593 619 735 748 809 976 1011 1013 1037 1051 1075 1082 1107 1122 1242 1402 1495 1666 1801 1832 1938 1957 1958 1978 2053 2214 2322 2347 2446 2468 2569 2573 2748 2944 2979 2995 3055 3232 3254 3375 3485 3578 3728 4018 4316 4407 4438 4456 4492 4580 4750 4763 5063 5090 5111 5831 5889 5931 5963 6161 6228 6307 6319 6590 6681 7024 7033 7784 7830 7836 7840 7844 7898 7932 7960 7980 7988 7990 8021 8023 8025 8041 8042 8044 8051 8061 8068 8085 8088 8092 
	}
	buildings_max_level_factor=1.000
        manpower=0
        state_category = town
}
