state={
	id=302
	name="STATE_302"
	provinces={
		13 43 255 396 731 777 970 1033 1126 1215 1633 1706 1757 1871 2021 2383 2738 3099 3143 3162 3167 3194 3304 3413 3448 3560 3582 3721 3963 3974 3983 4179 4508 4755 4832 5248 5517 5611 5613 5658 5663 5673 5740 5925 5927 6088 6158 6169 6336 6343 6803 6913 6960 7184 10032 10129 10152 10155 10181 10193 10194 10220 10221 10222 10232 10250 10259 10267 10279 10284 10306 10321 10347 10399 10413 
	}
	buildings_max_level_factor=1.000
        manpower=0
        state_category = town
}
