state={
	id=342
	name="STATE_342"
	provinces={
		203 258 423 442 764 1239 1281 1517 1586 1777 2395 2507 2624 2892 2897 2919 2963 2991 3014 3239 3383 3515 3897 3901 3958 3964 4222 4242 4306 4334 4362 4490 4678 5044 5047 5057 5542 5551 5625 5721 5994 6042 6046 6113 6177 6179 6268 6283 6324 6365 6798 6826 6876 6993 7094 7168 10328 10393 10441 10442 10457 10490 10496 10502 10514 10525 10555 10556 10564 10584 10590 10622 10628 10629 10659 10720 10732 10762 10763 10767 10783 10784 10785 10814 10818 10830 10858 10868 10879 10883 10931 10935 10936 10944 10952 10963 10982 10989 11001 11018 11051 11081 11102 11105 11106 11122 11139 11151 11155 11178 
	}
	buildings_max_level_factor=1.000
        manpower=0
        state_category = town
}
