state={
	id=357
	name="STATE_357"
	provinces={
		286 410 652 1311 1324 1467 1492 1934 2048 2287 2481 2629 2864 2898 3136 3217 3398 3640 3694 4114 4139 4183 4228 4229 4363 4543 4570 4656 4736 4784 5019 5312 5330 5344 5660 5853 6144 6458 6690 6828 6888 6975 7149 7194 10718 10775 10797 10798 10827 10873 10902 10907 10915 10923 10927 10943 10969 10981 11008 11017 11045 11050 11070 11080 11092 11109 11120 11137 11150 11181 11182 11231 11242 11250 11251 11263 11267 
	}
	buildings_max_level_factor=1.000
        manpower=0
        state_category = town
}
