state={
	id=78
	name="STATE_78"
	provinces={
		145 189 406 528 536 650 811 873 983 1146 1303 1412 1700 1875 1909 2233 2320 2440 2449 2793 2838 3038 3044 3091 3330 3342 3537 3554 3606 3666 3820 3825 3892 4026 4412 4521 4567 4706 4733 4868 4937 5031 5103 5158 5298 5398 5403 5447 5478 5529 5738 5780 5836 6109 6183 6303 6416 6451 6523 6532 6649 6832 6921 7029 7073 7088 7090 7143 7160 7228 7615 7678 7683 7684 7702 7715 7723 7727 7728 7729 7730 7740 7746 7759 7760 7765 7766 7776 7789 7790 7791 7796 7804 7810 7815 7816 7833 7834 7841 7845 7854 7859 7860 7863 7875 7876 7880 7883 7912 7929 7938 7944 7957 7964 7973 7986 
	}
	buildings_max_level_factor=1.000
        manpower=0
        state_category = town
}
