state={
	id=90
	name="STATE_90"
	provinces={
		40 46 111 152 153 178 180 213 322 345 508 618 666 699 770 874 987 1027 1069 1137 1232 1339 1616 1659 1819 1932 2034 2108 2350 2451 2726 2751 2879 2929 3093 3127 3138 3177 3303 3318 3502 3513 3672 3727 3904 3939 4084 4167 4341 4370 4748 4766 4872 5227 5270 5455 5754 6126 6829 6849 7008 7217 7260 7578 7598 7690 7795 7857 7886 7963 7982 7983 7985 8006 8030 8037 8038 8047 8052 8053 8093 
	}
	buildings_max_level_factor=1.000
        manpower=0
        state_category = town
}
