state={
	id=154
	name="STATE_154"
	provinces={
		25 181 400 473 480 578 728 1079 1080 1092 1129 1152 1485 1564 1612 1764 1863 2009 2094 2159 2183 2200 2255 2296 2332 2398 2487 2545 2668 2784 2891 2906 2941 3218 3309 3552 4068 4162 4168 4253 4423 4538 4553 4666 5351 5716 5763 6067 6436 6479 6656 6774 6843 7150 8237 8248 8250 8266 8279 8305 8325 8347 8351 8355 8410 8413 8414 8426 8438 8459 8480 8481 8483 8505 8523 
	}
	buildings_max_level_factor=1.000
        manpower=0
        state_category = town
}
