state={
	id=321
	name="STATE_321"
	provinces={
		228 303 388 583 640 931 1066 1254 1269 1356 1839 2017 2079 2230 2249 2437 2893 2903 3233 3388 3888 3975 4290 4581 4625 4810 4886 5236 5507 5510 5572 5574 5760 5764 5819 5820 5875 5949 6146 6243 6396 6466 6637 6640 6714 6751 6926 6962 7055 7226 7235 10230 10288 10303 10312 10351 10397 10421 10429 10445 10478 10492 10519 10527 10536 10537 10560 10561 10576 10588 10617 10631 10644 10651 10672 10698 10699 10712 10728 10742 10780 10794 10795 10820 10847 10865 10895 10925 10929 10940 10947 10987 11006 11022 11027 11040 11062 11068 
	}
	buildings_max_level_factor=1.000
        manpower=0
        state_category = town
}
