state={
	id=333
	name="STATE_333"
	provinces={
		192 365 392 503 891 905 1676 1719 1726 1773 1797 1983 2162 2165 2612 2756 2940 3048 3064 3085 3359 3360 3376 3624 3634 3879 3891 3996 4061 4189 4244 4356 4414 4546 4715 4783 4930 5190 5261 5287 5389 5424 5430 5563 5752 5785 6173 6345 6428 6501 6627 6658 6745 6746 6896 6912 6946 10403 10437 10487 10609 10668 10710 10711 10737 10738 10753 10777 10786 10815 10816 10823 10833 10842 10862 10869 10878 10880 10881 10912 10932 10956 10964 10990 11010 11019 11028 11029 11030 11042 11052 11063 11064 11083 11087 11098 11114 11123 11147 11156 11162 11163 11170 11183 11187 11190 11195 11221 11235 11246 11258 
	}
	buildings_max_level_factor=1.000
        manpower=0
        state_category = town
}
