state={
	id=336
	name="STATE_336"
	provinces={
		50 235 869 959 1210 1364 1407 1526 1565 1600 1663 1745 1973 2087 2118 2169 2271 2336 2343 2489 2713 2794 2973 3023 3101 3209 3474 3695 3744 3852 3952 3971 4002 4206 4249 4284 4594 4781 4849 4854 4911 4916 4986 5168 5375 5453 5484 5647 5731 5777 5814 6384 6757 6867 6897 6986 7142 7159 10171 10360 10446 10454 10520 10528 10546 10547 10606 10638 10689 10693 10713 10729 10750 10765 10781 10822 10866 10875 10890 10911 10922 10942 10949 11007 11016 
	}
	buildings_max_level_factor=1.000
        manpower=0
        state_category = town
}
