state={
	id=337
	name="STATE_337"
	provinces={
		74 492 567 904 1118 1247 1472 1711 1806 2043 2070 2160 2215 2307 2387 2498 2683 2900 3108 3154 3246 3262 3296 3319 3367 3453 3536 3553 3724 3863 4041 4105 4111 4445 4649 4709 4796 4836 4895 5020 5053 5161 5223 5259 5265 5332 5412 5480 5554 5636 5639 5682 5806 5866 5893 5901 6035 6059 6091 6280 6301 6378 6403 6837 6904 7051 7130 7189 7200 10280 10354 10355 10401 10470 10480 10507 10548 10571 10594 10684 10723 10736 10772 10776 10796 10825 10867 10888 10891 10901 10948 10950 10961 11013 11044 11069 11100 11168 
	}
	buildings_max_level_factor=1.000
        manpower=0
        state_category = town
}
