state={
	id=351
	name="STATE_351"
	provinces={
		201 378 430 462 547 879 894 1068 1425 1593 1710 2024 2518 2611 2677 2739 2862 2966 3106 3272 3326 3391 3424 3427 3550 3557 3661 3732 3762 3798 4024 4204 4239 4245 4305 4529 4749 4869 5060 5076 5098 5115 5149 5183 5242 5334 5350 5645 5844 5852 5909 5935 5988 5998 6143 6152 6350 6355 6486 6511 6543 6597 6623 6704 6712 6755 6812 6882 6937 6964 6996 7079 7196 10749 10764 10799 10843 10844 10845 10863 10870 10871 10884 10898 10905 10917 10937 10945 10957 10958 10966 10972 10983 10984 10995 11002 11004 11024 11026 11031 11046 11054 11065 11084 11085 11088 11089 11093 11101 11107 11110 11115 11124 11125 11126 11129 11141 11142 11157 11164 11165 11166 11174 11188 11192 11193 11196 11198 11204 11205 11206 11214 11216 11226 11227 11237 11240 11256 11273 11274 11282 11284 11297 11320 
	}
	buildings_max_level_factor=1.000
        manpower=0
        state_category = town
}
