state={
	id=352
	name="STATE_352"
	provinces={
		124 159 310 467 702 840 1087 1292 1310 1461 1481 1544 1651 1765 1813 2150 2568 2614 2841 2927 2982 3228 3757 3784 3807 4196 4251 4398 4761 5067 5200 5267 5296 5311 5467 5718 5767 5906 6066 6189 6210 6316 6392 6430 6452 6562 6573 6659 6989 6992 7010 7161 7173 10122 10137 10160 10172 10180 10188 10226 10238 10274 10283 10304 10305 10326 10337 10346 10374 10375 10390 10391 10408 10412 10417 10424 10447 10455 10466 10467 10483 10505 10506 10512 10522 10530 10539 10540 10551 10570 10589 10599 10600 10601 10633 10634 10663 10680 10681 10702 10708 10803 
	}
	buildings_max_level_factor=1.000
        manpower=0
        state_category = town
}
