state={
	id=364
	name="STATE_364"
	provinces={
		163 259 1317 1372 2627 2814 3076 3253 3305 3899 4140 4526 4556 4771 5009 5633 5662 5973 5982 6024 6090 6107 6167 6442 6599 6618 7232 11066 11067 11075 11099 11112 11134 11135 11146 11159 11167 11169 11172 11176 11179 11186 11189 11194 11201 11202 11209 11211 11215 11218 11219 11229 11232 11236 11239 11244 11249 11253 11254 11257 11265 11270 11271 11272 11276 11280 
	}
	buildings_max_level_factor=1.000
        manpower=0
        state_category = town
}
