state={
	id=62
	name="STATE_62"
	provinces={
		3 11 243 495 520 543 573 638 969 1304 1466 1486 1488 1525 1599 1734 1761 1788 1824 1992 2018 2161 2366 2403 2497 2579 2686 2850 2899 2964 3024 3084 3118 3133 3178 3225 3231 3241 3278 3287 3403 3470 3656 3850 3877 4032 4054 4066 4152 4182 4262 4335 4359 4417 4680 4682 4805 4989 5036 5073 5125 5275 5325 5418 5615 5794 5823 5874 5896 5905 5907 5910 6001 6013 6045 6054 6141 6162 6232 6257 6539 6559 6564 6586 6678 6808 6809 6907 7018 7075 7076 7213 7266 7278 7283 7286 7289 7290 7308 7309 7310 7317 7321 7324 7325 7328 7330 7331 7334 7344 7345 7356 7360 7374 7390 7391 7394 7400 7409 7425 7432 7437 7458 7459 7461 7466 7498 7509 7526 7527 7552 7567 7579 7585 7586 7601 7613 7618 7637 7650 
	}
	buildings_max_level_factor=1.000
        manpower=0
        state_category = town
}
