state={
	id=76
	name="STATE_76"
	provinces={
		280 287 390 457 982 1193 1414 1748 2022 2111 2212 2236 2240 2509 2597 2656 2664 2700 2704 2932 2999 3039 3158 3238 3250 3337 3368 3417 3562 3599 3612 3632 3878 3922 3993 4067 4318 4426 4464 4493 4537 4695 4727 4729 4831 4876 4910 5081 5218 5238 5289 5446 5520 5612 5616 5668 5832 5945 6116 6220 6299 6393 6467 6500 6535 6547 6731 6733 6870 6958 7009 7071 7186 7407 7438 7462 7463 7486 7499 7500 7520 7522 7535 7536 7548 7553 7563 7570 7581 7588 7599 7600 7614 7619 7620 7628 7635 7638 7646 7651 7655 7656 7657 7660 7663 7673 7677 7685 7692 7695 7697 7703 7704 7712 7716 7724 7726 7731 7734 7735 7747 7756 7757 7767 7768 7777 7778 7797 7800 7805 7807 7817 7818 7819 7820 7821 7850 7858 7872 7879 7884 7891 7900 7905 7925 7926 7950 7966 
	}
	buildings_max_level_factor=1.000
        manpower=0
        state_category = town
}
